// PID | CPU burst | IO burst | Repetitions | Priority
0 1 11 81 1
1 1 12 94 1
2 2 14 99 1
3 8 15 59 1
4 1 11 71 1
5 4 19 76 1
6 1 10 80 3
7 2 17 92 1
8 1 12 91 2
9 8 17 89 1
10 1 18 68 3
11 80 50 2 3
12 4 13 83 1
13 1 14 61 3
14 2 18 95 3
15 6 17 68 3
16 4 12 78 1
17 4 12 68 1
18 1 17 56 1
19 2 12 59 1
20 20 99 1 2
21 4 17 50 1
22 6 14 67 1
23 3 12 75 1
24 1 10 75 2
25 6 15 55 3
26 8 10 51 1
27 1 10 83 3
28 7 10 74 1
29 4 10 50 1
30 80 13 5 3
31 2 16 79 3
32 2 18 72 2
33 1 16 52 3
34 1 15 67 2
35 3 11 86 3
36 3 19 92 3
37 1 11 68 3
38 3 17 71 2
39 4 15 85 1
40 1 14 81 1
41 2 19 84 3
42 3 14 78 2
43 1 13 89 2
44 2 17 76 3
45 4 17 96 2
46 3 12 69 3
47 3 12 77 2
48 2 19 66 1
49 3 13 70 3
50 1 11 93 3
51 5 13 93 1
52 20 93 4 3
53 2 11 85 2
54 4 16 97 1
55 2 17 58 3
56 2 18 71 1
57 6 18 65 2
58 1 10 57 1
59 1 19 67 3
60 1 13 60 1
61 1 12 95 1
62 4 18 58 3
63 4 12 92 2
64 1 18 85 2
65 5 13 77 1
66 3 10 93 1
67 4 16 85 2
68 1 14 59 2
69 2 17 65 2
70 6 10 70 3
71 1 15 53 1
72 5 15 81 2
73 40 44 4 3
74 7 10 92 2
75 3 16 52 2
76 3 15 69 3
77 4 10 94 2
78 4 10 51 3
79 1 17 81 1
80 3 10 92 3
81 160 91 4 3
82 4 18 54 3
83 2 15 63 3
84 2 14 68 2
85 4 16 57 2
86 3 14 67 2
87 1 18 75 2
88 3 12 54 1
89 2 19 80 2
90 3 13 64 3
91 2 17 65 3
92 2 16 94 2
93 2 11 81 3
94 2 14 64 1
95 2 10 90 1
96 1 12 59 2
97 4 12 85 2
98 1 17 94 1
99 1 18 55 2
